number of images used for calibration: 25
Camera Calibrated:  0.4197261692482912

Camera Matrix:
 [[932.54767786   0.         636.77186727]
 [  0.         933.73470043 370.40606895]
 [  0.           0.           1.        ]]

Distortion Parameters:
 [[-3.68750739e-01  6.26823570e-02  1.37143459e-04 -2.45816203e-05
   3.78454925e-02]]

Rotation Vectors:
 (array([[ 0.05618524],
       [ 0.10919884],
       [-3.11665795]]), array([[ 0.08439522],
       [ 0.96246968],
       [-2.9462935 ]]), array([[-0.01059512],
       [ 0.96789349],
       [ 2.94758564]]), array([[-0.6039989 ],
       [-0.13245657],
       [-3.04470324]]), array([[ 0.86283748],
       [ 0.0161493 ],
       [-3.01302646]]), array([[-0.02332976],
       [ 0.1741306 ],
       [ 3.11663316]]), array([[0.8171584 ],
       [0.22898218],
       [2.91743846]]), array([[-1.03316872],
       [ 0.17674167],
       [ 2.95005501]]), array([[ 0.58184074],
       [-0.46404445],
       [-2.80910803]]), array([[-0.85096528],
       [ 0.13839251],
       [ 2.99898399]]), array([[-0.75249087],
       [-0.4297896 ],
       [ 2.79451808]]), array([[0.73031681],
       [0.3521176 ],
       [2.82281736]]), array([[ 0.70292881],
       [-0.08779609],
       [ 3.05481219]]), array([[ 0.27920332],
       [-1.04136963],
       [ 2.91684504]]), array([[-0.44948031],
       [ 0.79806219],
       [ 2.96785351]]), array([[-0.09412645],
       [ 0.17412322],
       [-3.09805861]]), array([[-0.28983035],
       [ 0.12057118],
       [-3.1254632 ]]), array([[ 0.05077737],
       [ 0.18712763],
       [-3.06722952]]), array([[ 0.06149664],
       [-0.02903994],
       [-3.13950432]]), array([[0.40114065],
       [0.16925597],
       [3.10395708]]), array([[ 0.36615274],
       [-0.01404157],
       [ 3.09743495]]), array([[-0.38272285],
       [-0.31894147],
       [-3.06455796]]), array([[-0.49962012],
       [ 0.24009828],
       [-2.9702771 ]]), array([[ 0.76514339],
       [ 0.19979424],
       [-2.95178892]]), array([[ 0.31368179],
       [ 0.48284354],
       [-3.09704609]]))

Translation Vectors:
 (array([[4.4601412 ],
       [2.45306108],
       [9.73608303]]), array([[3.19888457],
       [3.14054299],
       [9.77262555]]), array([[3.97719821],
       [0.78493559],
       [7.27746695]]), array([[1.53606994],
       [2.0796521 ],
       [8.62246505]]), array([[ 5.09699841],
       [ 2.49223429],
       [12.18066407]]), array([[ 3.83817123],
       [ 2.38204086],
       [23.21409225]]), array([[-0.16610316],
       [ 2.18411492],
       [15.52058006]]), array([[ 4.05704756],
       [ 2.58772866],
       [19.543634  ]]), array([[ 7.85103034],
       [ 3.91644809],
       [18.76399749]]), array([[ 7.70834325],
       [ 1.40107498],
       [18.71573541]]), array([[ 5.49419703],
       [ 0.54964467],
       [18.90575939]]), array([[-1.76763421e+00],
       [ 2.01640179e-03],
       [ 1.40156115e+01]]), array([[-3.39753651],
       [ 2.68897334],
       [16.88312769]]), array([[ 3.54400001],
       [ 2.34582962],
       [13.9002076 ]]), array([[ 0.61221968],
       [-1.41775939],
       [22.45647591]]), array([[ 4.85991461],
       [-0.71290718],
       [21.48930186]]), array([[ 4.64723099],
       [ 5.62711481],
       [19.65486621]]), array([[-6.33352685],
       [-0.67340421],
       [19.05659385]]), array([[-5.57836612],
       [ 5.45439093],
       [17.82322765]]), array([[12.67015598],
       [ 5.66018165],
       [16.74181094]]), array([[12.34743506],
       [-0.66278138],
       [17.37396947]]), array([[-1.38458614],
       [ 0.67688909],
       [15.43955842]]), array([[-3.56305213],
       [ 4.38466291],
       [15.29091034]]), array([[ 7.91146677],
       [ 1.73139673],
       [19.10265788]]), array([[ 9.79832474],
       [ 2.73866523],
       [16.32116847]]))
[[932.54767786   0.         636.77186727]
 [  0.         933.73470043 370.40606895]
 [  0.           0.           1.        ]]
[[-3.68750739e-01  6.26823570e-02  1.37143459e-04 -2.45816203e-05
   3.78454925e-02]]